0, 0, 0, 5, 1, 1, 3, 4, 38, 1, 11, 1, 35, 1, 4, 1, 9, 1, 9, 1
0, 1, 1, 3, 1, 14, 1, 215, 6, 1, 233, 1, 1, 205, 21, 1, 1, 1, 1, 1
0, 2, 1, 1, 1, 1, 1, 1, 1, 1, 1, 1, 1, 1, 1, 3, 1, 1, 1, 1
0, 3, 1, 1, 1, 1, 1, 1, 1, 1, 209, 1, 1, 196, 2, 1, 176, 3, 1, 1
0, 4, 1, 1, 1, 1, 1, 1, 1, 1, 1, 1, 1, 1, 1, 1, 1, 1, 1, 1
0, 5, 1, 1, 1, 1, 1, 1, 1, 1, 1, 1, 1, 1, 1, 1, 1, 1, 1, 1
0, 6, 1, 1, 1, 1, 1, 1, 1, 1, 1, 1, 1, 1, 1, 149, 1, 1, 199, 1
0, 7, 1, 199, 1, 1, 199, 1, 1, 199, 1, 2, 198, 1, 1, 1, 1, 2, 1, 3
0, 8, 1, 4, 1, 5, 1, 6, 1, 7, 1, 7, 1, 156, 1, 1, 171, 2, 1, 171
0, 9, 2, 1, 199, 9, 1, 152, 32, 1, 198, 9, 1, 255, 1, 1, 255, 1, 1, 255
0, 10, 1, 1, 144, 11, 1, 237, 1, 1, 232, 7, 1, 1, 2, 244, 124, 1, 163, 6
0, 11, 1, 211, 57, 1, 245, 78, 1, 159, 29, 2, 144, 82, 1, 128, 2, 1, 206, 238
128, 12, 1, 1, 196, 32, 0, 0, 0, 0, 0, 0, 0, 0, 0, 0, 0, 0, 0, 0
